'DX      '         300 'DOUB'
   1.00000000000000e+03   1.00000000000000e+03   1.00000000000000e+03
   1.00000000000000e+03   1.00000000000000e+03   1.00000000000000e+03
   1.00000000000000e+03   1.00000000000000e+03   1.00000000000000e+03
   1.00000000000000e+03   1.00000000000000e+03   1.00000000000000e+03
   1.00000000000000e+03   1.00000000000000e+03   1.00000000000000e+03
   1.00000000000000e+03   1.00000000000000e+03   1.00000000000000e+03
   1.00000000000000e+03   1.00000000000000e+03   1.00000000000000e+03
   1.00000000000000e+03   1.00000000000000e+03   1.00000000000000e+03
   1.00000000000000e+03   1.00000000000000e+03   1.00000000000000e+03
   1.00000000000000e+03   1.00000000000000e+03   1.00000000000000e+03
   1.00000000000000e+03   1.00000000000000e+03   1.00000000000000e+03
   1.00000000000000e+03   1.00000000000000e+03   1.00000000000000e+03
   1.00000000000000e+03   1.00000000000000e+03   1.00000000000000e+03
   1.00000000000000e+03   1.00000000000000e+03   1.00000000000000e+03
   1.00000000000000e+03   1.00000000000000e+03   1.00000000000000e+03
   1.00000000000000e+03   1.00000000000000e+03   1.00000000000000e+03
   1.00000000000000e+03   1.00000000000000e+03   1.00000000000000e+03
   1.00000000000000e+03   1.00000000000000e+03   1.00000000000000e+03
   1.00000000000000e+03   1.00000000000000e+03   1.00000000000000e+03
   1.00000000000000e+03   1.00000000000000e+03   1.00000000000000e+03
   1.00000000000000e+03   1.00000000000000e+03   1.00000000000000e+03
   1.00000000000000e+03   1.00000000000000e+03   1.00000000000000e+03
   1.00000000000000e+03   1.00000000000000e+03   1.00000000000000e+03
   1.00000000000000e+03   1.00000000000000e+03   1.00000000000000e+03
   1.00000000000000e+03   1.00000000000000e+03   1.00000000000000e+03
   1.00000000000000e+03   1.00000000000000e+03   1.00000000000000e+03
   1.00000000000000e+03   1.00000000000000e+03   1.00000000000000e+03
   1.00000000000000e+03   1.00000000000000e+03   1.00000000000000e+03
   1.00000000000000e+03   1.00000000000000e+03   1.00000000000000e+03
   1.00000000000000e+03   1.00000000000000e+03   1.00000000000000e+03
   1.00000000000000e+03   1.00000000000000e+03   1.00000000000000e+03
   1.00000000000000e+03   1.00000000000000e+03   1.00000000000000e+03
   1.00000000000000e+03   1.00000000000000e+03   1.00000000000000e+03
   1.00000000000000e+03   1.00000000000000e+03   1.00000000000000e+03
   1.00000000000000e+03   1.00000000000000e+03   1.00000000000000e+03
   1.00000000000000e+03   1.00000000000000e+03   1.00000000000000e+03
   1.00000000000000e+03   1.00000000000000e+03   1.00000000000000e+03
   1.00000000000000e+03   1.00000000000000e+03   1.00000000000000e+03
   1.00000000000000e+03   1.00000000000000e+03   1.00000000000000e+03
   1.00000000000000e+03   1.00000000000000e+03   1.00000000000000e+03
   1.00000000000000e+03   1.00000000000000e+03   1.00000000000000e+03
   1.00000000000000e+03   1.00000000000000e+03   1.00000000000000e+03
   1.00000000000000e+03   1.00000000000000e+03   1.00000000000000e+03
   1.00000000000000e+03   1.00000000000000e+03   1.00000000000000e+03
   1.00000000000000e+03   1.00000000000000e+03   1.00000000000000e+03
   1.00000000000000e+03   1.00000000000000e+03   1.00000000000000e+03
   1.00000000000000e+03   1.00000000000000e+03   1.00000000000000e+03
   1.00000000000000e+03   1.00000000000000e+03   1.00000000000000e+03
   1.00000000000000e+03   1.00000000000000e+03   1.00000000000000e+03
   1.00000000000000e+03   1.00000000000000e+03   1.00000000000000e+03
   1.00000000000000e+03   1.00000000000000e+03   1.00000000000000e+03
   1.00000000000000e+03   1.00000000000000e+03   1.00000000000000e+03
   1.00000000000000e+03   1.00000000000000e+03   1.00000000000000e+03
   1.00000000000000e+03   1.00000000000000e+03   1.00000000000000e+03
   1.00000000000000e+03   1.00000000000000e+03   1.00000000000000e+03
   1.00000000000000e+03   1.00000000000000e+03   1.00000000000000e+03
   1.00000000000000e+03   1.00000000000000e+03   1.00000000000000e+03
   1.00000000000000e+03   1.00000000000000e+03   1.00000000000000e+03
   1.00000000000000e+03   1.00000000000000e+03   1.00000000000000e+03
   1.00000000000000e+03   1.00000000000000e+03   1.00000000000000e+03
   1.00000000000000e+03   1.00000000000000e+03   1.00000000000000e+03
   1.00000000000000e+03   1.00000000000000e+03   1.00000000000000e+03
   1.00000000000000e+03   1.00000000000000e+03   1.00000000000000e+03
   1.00000000000000e+03   1.00000000000000e+03   1.00000000000000e+03
   1.00000000000000e+03   1.00000000000000e+03   1.00000000000000e+03
   1.00000000000000e+03   1.00000000000000e+03   1.00000000000000e+03
   1.00000000000000e+03   1.00000000000000e+03   1.00000000000000e+03
   1.00000000000000e+03   1.00000000000000e+03   1.00000000000000e+03
   1.00000000000000e+03   1.00000000000000e+03   1.00000000000000e+03
   1.00000000000000e+03   1.00000000000000e+03   1.00000000000000e+03
   1.00000000000000e+03   1.00000000000000e+03   1.00000000000000e+03
   1.00000000000000e+03   1.00000000000000e+03   1.00000000000000e+03
   1.00000000000000e+03   1.00000000000000e+03   1.00000000000000e+03
   1.00000000000000e+03   1.00000000000000e+03   1.00000000000000e+03
   1.00000000000000e+03   1.00000000000000e+03   1.00000000000000e+03
   1.00000000000000e+03   1.00000000000000e+03   1.00000000000000e+03
   1.00000000000000e+03   1.00000000000000e+03   1.00000000000000e+03
   1.00000000000000e+03   1.00000000000000e+03   1.00000000000000e+03
   1.00000000000000e+03   1.00000000000000e+03   1.00000000000000e+03
   1.00000000000000e+03   1.00000000000000e+03   1.00000000000000e+03
   1.00000000000000e+03   1.00000000000000e+03   1.00000000000000e+03
   1.00000000000000e+03   1.00000000000000e+03   1.00000000000000e+03
   1.00000000000000e+03   1.00000000000000e+03   1.00000000000000e+03
   1.00000000000000e+03   1.00000000000000e+03   1.00000000000000e+03
   1.00000000000000e+03   1.00000000000000e+03   1.00000000000000e+03
   1.00000000000000e+03   1.00000000000000e+03   1.00000000000000e+03
   1.00000000000000e+03   1.00000000000000e+03   1.00000000000000e+03
   1.00000000000000e+03   1.00000000000000e+03   1.00000000000000e+03
   1.00000000000000e+03   1.00000000000000e+03   1.00000000000000e+03
   1.00000000000000e+03   1.00000000000000e+03   1.00000000000000e+03
   1.00000000000000e+03   1.00000000000000e+03   1.00000000000000e+03
   1.00000000000000e+03   1.00000000000000e+03   1.00000000000000e+03
   1.00000000000000e+03   1.00000000000000e+03   1.00000000000000e+03
   1.00000000000000e+03   1.00000000000000e+03   1.00000000000000e+03
   1.00000000000000e+03   1.00000000000000e+03   1.00000000000000e+03
   1.00000000000000e+03   1.00000000000000e+03   1.00000000000000e+03
   1.00000000000000e+03   1.00000000000000e+03   1.00000000000000e+03
   1.00000000000000e+03   1.00000000000000e+03   1.00000000000000e+03
   1.00000000000000e+03   1.00000000000000e+03   1.00000000000000e+03
   1.00000000000000e+03   1.00000000000000e+03   1.00000000000000e+03
 'DY      '         300 'DOUB'
   1.00000000000000e+03   1.00000000000000e+03   1.00000000000000e+03
   1.00000000000000e+03   1.00000000000000e+03   1.00000000000000e+03
   1.00000000000000e+03   1.00000000000000e+03   1.00000000000000e+03
   1.00000000000000e+03   1.00000000000000e+03   1.00000000000000e+03
   1.00000000000000e+03   1.00000000000000e+03   1.00000000000000e+03
   1.00000000000000e+03   1.00000000000000e+03   1.00000000000000e+03
   1.00000000000000e+03   1.00000000000000e+03   1.00000000000000e+03
   1.00000000000000e+03   1.00000000000000e+03   1.00000000000000e+03
   1.00000000000000e+03   1.00000000000000e+03   1.00000000000000e+03
   1.00000000000000e+03   1.00000000000000e+03   1.00000000000000e+03
   1.00000000000000e+03   1.00000000000000e+03   1.00000000000000e+03
   1.00000000000000e+03   1.00000000000000e+03   1.00000000000000e+03
   1.00000000000000e+03   1.00000000000000e+03   1.00000000000000e+03
   1.00000000000000e+03   1.00000000000000e+03   1.00000000000000e+03
   1.00000000000000e+03   1.00000000000000e+03   1.00000000000000e+03
   1.00000000000000e+03   1.00000000000000e+03   1.00000000000000e+03
   1.00000000000000e+03   1.00000000000000e+03   1.00000000000000e+03
   1.00000000000000e+03   1.00000000000000e+03   1.00000000000000e+03
   1.00000000000000e+03   1.00000000000000e+03   1.00000000000000e+03
   1.00000000000000e+03   1.00000000000000e+03   1.00000000000000e+03
   1.00000000000000e+03   1.00000000000000e+03   1.00000000000000e+03
   1.00000000000000e+03   1.00000000000000e+03   1.00000000000000e+03
   1.00000000000000e+03   1.00000000000000e+03   1.00000000000000e+03
   1.00000000000000e+03   1.00000000000000e+03   1.00000000000000e+03
   1.00000000000000e+03   1.00000000000000e+03   1.00000000000000e+03
   1.00000000000000e+03   1.00000000000000e+03   1.00000000000000e+03
   1.00000000000000e+03   1.00000000000000e+03   1.00000000000000e+03
   1.00000000000000e+03   1.00000000000000e+03   1.00000000000000e+03
   1.00000000000000e+03   1.00000000000000e+03   1.00000000000000e+03
   1.00000000000000e+03   1.00000000000000e+03   1.00000000000000e+03
   1.00000000000000e+03   1.00000000000000e+03   1.00000000000000e+03
   1.00000000000000e+03   1.00000000000000e+03   1.00000000000000e+03
   1.00000000000000e+03   1.00000000000000e+03   1.00000000000000e+03
   1.00000000000000e+03   1.00000000000000e+03   1.00000000000000e+03
   1.00000000000000e+03   1.00000000000000e+03   1.00000000000000e+03
   1.00000000000000e+03   1.00000000000000e+03   1.00000000000000e+03
   1.00000000000000e+03   1.00000000000000e+03   1.00000000000000e+03
   1.00000000000000e+03   1.00000000000000e+03   1.00000000000000e+03
   1.00000000000000e+03   1.00000000000000e+03   1.00000000000000e+03
   1.00000000000000e+03   1.00000000000000e+03   1.00000000000000e+03
   1.00000000000000e+03   1.00000000000000e+03   1.00000000000000e+03
   1.00000000000000e+03   1.00000000000000e+03   1.00000000000000e+03
   1.00000000000000e+03   1.00000000000000e+03   1.00000000000000e+03
   1.00000000000000e+03   1.00000000000000e+03   1.00000000000000e+03
   1.00000000000000e+03   1.00000000000000e+03   1.00000000000000e+03
   1.00000000000000e+03   1.00000000000000e+03   1.00000000000000e+03
   1.00000000000000e+03   1.00000000000000e+03   1.00000000000000e+03
   1.00000000000000e+03   1.00000000000000e+03   1.00000000000000e+03
   1.00000000000000e+03   1.00000000000000e+03   1.00000000000000e+03
   1.00000000000000e+03   1.00000000000000e+03   1.00000000000000e+03
   1.00000000000000e+03   1.00000000000000e+03   1.00000000000000e+03
   1.00000000000000e+03   1.00000000000000e+03   1.00000000000000e+03
   1.00000000000000e+03   1.00000000000000e+03   1.00000000000000e+03
   1.00000000000000e+03   1.00000000000000e+03   1.00000000000000e+03
   1.00000000000000e+03   1.00000000000000e+03   1.00000000000000e+03
   1.00000000000000e+03   1.00000000000000e+03   1.00000000000000e+03
   1.00000000000000e+03   1.00000000000000e+03   1.00000000000000e+03
   1.00000000000000e+03   1.00000000000000e+03   1.00000000000000e+03
   1.00000000000000e+03   1.00000000000000e+03   1.00000000000000e+03
   1.00000000000000e+03   1.00000000000000e+03   1.00000000000000e+03
   1.00000000000000e+03   1.00000000000000e+03   1.00000000000000e+03
   1.00000000000000e+03   1.00000000000000e+03   1.00000000000000e+03
   1.00000000000000e+03   1.00000000000000e+03   1.00000000000000e+03
   1.00000000000000e+03   1.00000000000000e+03   1.00000000000000e+03
   1.00000000000000e+03   1.00000000000000e+03   1.00000000000000e+03
   1.00000000000000e+03   1.00000000000000e+03   1.00000000000000e+03
   1.00000000000000e+03   1.00000000000000e+03   1.00000000000000e+03
   1.00000000000000e+03   1.00000000000000e+03   1.00000000000000e+03
   1.00000000000000e+03   1.00000000000000e+03   1.00000000000000e+03
   1.00000000000000e+03   1.00000000000000e+03   1.00000000000000e+03
   1.00000000000000e+03   1.00000000000000e+03   1.00000000000000e+03
   1.00000000000000e+03   1.00000000000000e+03   1.00000000000000e+03
   1.00000000000000e+03   1.00000000000000e+03   1.00000000000000e+03
   1.00000000000000e+03   1.00000000000000e+03   1.00000000000000e+03
   1.00000000000000e+03   1.00000000000000e+03   1.00000000000000e+03
   1.00000000000000e+03   1.00000000000000e+03   1.00000000000000e+03
   1.00000000000000e+03   1.00000000000000e+03   1.00000000000000e+03
   1.00000000000000e+03   1.00000000000000e+03   1.00000000000000e+03
   1.00000000000000e+03   1.00000000000000e+03   1.00000000000000e+03
   1.00000000000000e+03   1.00000000000000e+03   1.00000000000000e+03
   1.00000000000000e+03   1.00000000000000e+03   1.00000000000000e+03
   1.00000000000000e+03   1.00000000000000e+03   1.00000000000000e+03
   1.00000000000000e+03   1.00000000000000e+03   1.00000000000000e+03
   1.00000000000000e+03   1.00000000000000e+03   1.00000000000000e+03
   1.00000000000000e+03   1.00000000000000e+03   1.00000000000000e+03
   1.00000000000000e+03   1.00000000000000e+03   1.00000000000000e+03
   1.00000000000000e+03   1.00000000000000e+03   1.00000000000000e+03
   1.00000000000000e+03   1.00000000000000e+03   1.00000000000000e+03
   1.00000000000000e+03   1.00000000000000e+03   1.00000000000000e+03
   1.00000000000000e+03   1.00000000000000e+03   1.00000000000000e+03
   1.00000000000000e+03   1.00000000000000e+03   1.00000000000000e+03
   1.00000000000000e+03   1.00000000000000e+03   1.00000000000000e+03
   1.00000000000000e+03   1.00000000000000e+03   1.00000000000000e+03
   1.00000000000000e+03   1.00000000000000e+03   1.00000000000000e+03
   1.00000000000000e+03   1.00000000000000e+03   1.00000000000000e+03
   1.00000000000000e+03   1.00000000000000e+03   1.00000000000000e+03
   1.00000000000000e+03   1.00000000000000e+03   1.00000000000000e+03
   1.00000000000000e+03   1.00000000000000e+03   1.00000000000000e+03
   1.00000000000000e+03   1.00000000000000e+03   1.00000000000000e+03
   1.00000000000000e+03   1.00000000000000e+03   1.00000000000000e+03
 'DZ      '         300 'DOUB'
   2.00000000000000e+01   2.00000000000000e+01   2.00000000000000e+01
   2.00000000000000e+01   2.00000000000000e+01   2.00000000000000e+01
   2.00000000000000e+01   2.00000000000000e+01   2.00000000000000e+01
   2.00000000000000e+01   2.00000000000000e+01   2.00000000000000e+01
   2.00000000000000e+01   2.00000000000000e+01   2.00000000000000e+01
   2.00000000000000e+01   2.00000000000000e+01   2.00000000000000e+01
   2.00000000000000e+01   2.00000000000000e+01   2.00000000000000e+01
   2.00000000000000e+01   2.00000000000000e+01   2.00000000000000e+01
   2.00000000000000e+01   2.00000000000000e+01   2.00000000000000e+01
   2.00000000000000e+01   2.00000000000000e+01   2.00000000000000e+01
   2.00000000000000e+01   2.00000000000000e+01   2.00000000000000e+01
   2.00000000000000e+01   2.00000000000000e+01   2.00000000000000e+01
   2.00000000000000e+01   2.00000000000000e+01   2.00000000000000e+01
   2.00000000000000e+01   2.00000000000000e+01   2.00000000000000e+01
   2.00000000000000e+01   2.00000000000000e+01   2.00000000000000e+01
   2.00000000000000e+01   2.00000000000000e+01   2.00000000000000e+01
   2.00000000000000e+01   2.00000000000000e+01   2.00000000000000e+01
   2.00000000000000e+01   2.00000000000000e+01   2.00000000000000e+01
   2.00000000000000e+01   2.00000000000000e+01   2.00000000000000e+01
   2.00000000000000e+01   2.00000000000000e+01   2.00000000000000e+01
   2.00000000000000e+01   2.00000000000000e+01   2.00000000000000e+01
   2.00000000000000e+01   2.00000000000000e+01   2.00000000000000e+01
   2.00000000000000e+01   2.00000000000000e+01   2.00000000000000e+01
   2.00000000000000e+01   2.00000000000000e+01   2.00000000000000e+01
   2.00000000000000e+01   2.00000000000000e+01   2.00000000000000e+01
   2.00000000000000e+01   2.00000000000000e+01   2.00000000000000e+01
   2.00000000000000e+01   2.00000000000000e+01   2.00000000000000e+01
   2.00000000000000e+01   2.00000000000000e+01   2.00000000000000e+01
   2.00000000000000e+01   2.00000000000000e+01   2.00000000000000e+01
   2.00000000000000e+01   2.00000000000000e+01   2.00000000000000e+01
   2.00000000000000e+01   2.00000000000000e+01   2.00000000000000e+01
   2.00000000000000e+01   2.00000000000000e+01   2.00000000000000e+01
   2.00000000000000e+01   2.00000000000000e+01   2.00000000000000e+01
   2.00000000000000e+01   3.00000000000000e+01   3.00000000000000e+01
   3.00000000000000e+01   3.00000000000000e+01   3.00000000000000e+01
   3.00000000000000e+01   3.00000000000000e+01   3.00000000000000e+01
   3.00000000000000e+01   3.00000000000000e+01   3.00000000000000e+01
   3.00000000000000e+01   3.00000000000000e+01   3.00000000000000e+01
   3.00000000000000e+01   3.00000000000000e+01   3.00000000000000e+01
   3.00000000000000e+01   3.00000000000000e+01   3.00000000000000e+01
   3.00000000000000e+01   3.00000000000000e+01   3.00000000000000e+01
   3.00000000000000e+01   3.00000000000000e+01   3.00000000000000e+01
   3.00000000000000e+01   3.00000000000000e+01   3.00000000000000e+01
   3.00000000000000e+01   3.00000000000000e+01   3.00000000000000e+01
   3.00000000000000e+01   3.00000000000000e+01   3.00000000000000e+01
   3.00000000000000e+01   3.00000000000000e+01   3.00000000000000e+01
   3.00000000000000e+01   3.00000000000000e+01   3.00000000000000e+01
   3.00000000000000e+01   3.00000000000000e+01   3.00000000000000e+01
   3.00000000000000e+01   3.00000000000000e+01   3.00000000000000e+01
   3.00000000000000e+01   3.00000000000000e+01   3.00000000000000e+01
   3.00000000000000e+01   3.00000000000000e+01   3.00000000000000e+01
   3.00000000000000e+01   3.00000000000000e+01   3.00000000000000e+01
   3.00000000000000e+01   3.00000000000000e+01   3.00000000000000e+01
   3.00000000000000e+01   3.00000000000000e+01   3.00000000000000e+01
   3.00000000000000e+01   3.00000000000000e+01   3.00000000000000e+01
   3.00000000000000e+01   3.00000000000000e+01   3.00000000000000e+01
   3.00000000000000e+01   3.00000000000000e+01   3.00000000000000e+01
   3.00000000000000e+01   3.00000000000000e+01   3.00000000000000e+01
   3.00000000000000e+01   3.00000000000000e+01   3.00000000000000e+01
   3.00000000000000e+01   3.00000000000000e+01   3.00000000000000e+01
   3.00000000000000e+01   3.00000000000000e+01   3.00000000000000e+01
   3.00000000000000e+01   3.00000000000000e+01   3.00000000000000e+01
   3.00000000000000e+01   3.00000000000000e+01   3.00000000000000e+01
   3.00000000000000e+01   3.00000000000000e+01   3.00000000000000e+01
   3.00000000000000e+01   3.00000000000000e+01   3.00000000000000e+01
   3.00000000000000e+01   3.00000000000000e+01   3.00000000000000e+01
   3.00000000000000e+01   3.00000000000000e+01   5.00000000000000e+01
   5.00000000000000e+01   5.00000000000000e+01   5.00000000000000e+01
   5.00000000000000e+01   5.00000000000000e+01   5.00000000000000e+01
   5.00000000000000e+01   5.00000000000000e+01   5.00000000000000e+01
   5.00000000000000e+01   5.00000000000000e+01   5.00000000000000e+01
   5.00000000000000e+01   5.00000000000000e+01   5.00000000000000e+01
   5.00000000000000e+01   5.00000000000000e+01   5.00000000000000e+01
   5.00000000000000e+01   5.00000000000000e+01   5.00000000000000e+01
   5.00000000000000e+01   5.00000000000000e+01   5.00000000000000e+01
   5.00000000000000e+01   5.00000000000000e+01   5.00000000000000e+01
   5.00000000000000e+01   5.00000000000000e+01   5.00000000000000e+01
   5.00000000000000e+01   5.00000000000000e+01   5.00000000000000e+01
   5.00000000000000e+01   5.00000000000000e+01   5.00000000000000e+01
   5.00000000000000e+01   5.00000000000000e+01   5.00000000000000e+01
   5.00000000000000e+01   5.00000000000000e+01   5.00000000000000e+01
   5.00000000000000e+01   5.00000000000000e+01   5.00000000000000e+01
   5.00000000000000e+01   5.00000000000000e+01   5.00000000000000e+01
   5.00000000000000e+01   5.00000000000000e+01   5.00000000000000e+01
   5.00000000000000e+01   5.00000000000000e+01   5.00000000000000e+01
   5.00000000000000e+01   5.00000000000000e+01   5.00000000000000e+01
   5.00000000000000e+01   5.00000000000000e+01   5.00000000000000e+01
   5.00000000000000e+01   5.00000000000000e+01   5.00000000000000e+01
   5.00000000000000e+01   5.00000000000000e+01   5.00000000000000e+01
   5.00000000000000e+01   5.00000000000000e+01   5.00000000000000e+01
   5.00000000000000e+01   5.00000000000000e+01   5.00000000000000e+01
   5.00000000000000e+01   5.00000000000000e+01   5.00000000000000e+01
   5.00000000000000e+01   5.00000000000000e+01   5.00000000000000e+01
   5.00000000000000e+01   5.00000000000000e+01   5.00000000000000e+01
   5.00000000000000e+01   5.00000000000000e+01   5.00000000000000e+01
   5.00000000000000e+01   5.00000000000000e+01   5.00000000000000e+01
   5.00000000000000e+01   5.00000000000000e+01   5.00000000000000e+01
   5.00000000000000e+01   5.00000000000000e+01   5.00000000000000e+01
   5.00000000000000e+01   5.00000000000000e+01   5.00000000000000e+01
   5.00000000000000e+01   5.00000000000000e+01   5.00000000000000e+01
 'DEPTH   '         300 'DOUB'
   8.32500000000000e+03   8.32500000000000e+03   8.32500000000000e+03
   8.32500000000000e+03   8.32500000000000e+03   8.32500000000000e+03
   8.32500000000000e+03   8.32500000000000e+03   8.32500000000000e+03
   8.32500000000000e+03   8.32500000000000e+03   8.32500000000000e+03
   8.32500000000000e+03   8.32500000000000e+03   8.32500000000000e+03
   8.32500000000000e+03   8.32500000000000e+03   8.32500000000000e+03
   8.32500000000000e+03   8.32500000000000e+03   8.32500000000000e+03
   8.32500000000000e+03   8.32500000000000e+03   8.32500000000000e+03
   8.32500000000000e+03   8.32500000000000e+03   8.32500000000000e+03
   8.32500000000000e+03   8.32500000000000e+03   8.32500000000000e+03
   8.32500000000000e+03   8.32500000000000e+03   8.32500000000000e+03
   8.32500000000000e+03   8.32500000000000e+03   8.32500000000000e+03
   8.32500000000000e+03   8.32500000000000e+03   8.32500000000000e+03
   8.32500000000000e+03   8.32500000000000e+03   8.32500000000000e+03
   8.32500000000000e+03   8.32500000000000e+03   8.32500000000000e+03
   8.32500000000000e+03   8.32500000000000e+03   8.32500000000000e+03
   8.32500000000000e+03   8.32500000000000e+03   8.32500000000000e+03
   8.32500000000000e+03   8.32500000000000e+03   8.32500000000000e+03
   8.32500000000000e+03   8.32500000000000e+03   8.32500000000000e+03
   8.32500000000000e+03   8.32500000000000e+03   8.32500000000000e+03
   8.32500000000000e+03   8.32500000000000e+03   8.32500000000000e+03
   8.32500000000000e+03   8.32500000000000e+03   8.32500000000000e+03
   8.32500000000000e+03   8.32500000000000e+03   8.32500000000000e+03
   8.32500000000000e+03   8.32500000000000e+03   8.32500000000000e+03
   8.32500000000000e+03   8.32500000000000e+03   8.32500000000000e+03
   8.32500000000000e+03   8.32500000000000e+03   8.32500000000000e+03
   8.32500000000000e+03   8.32500000000000e+03   8.32500000000000e+03
   8.32500000000000e+03   8.32500000000000e+03   8.32500000000000e+03
   8.32500000000000e+03   8.32500000000000e+03   8.32500000000000e+03
   8.32500000000000e+03   8.32500000000000e+03   8.32500000000000e+03
   8.32500000000000e+03   8.32500000000000e+03   8.32500000000000e+03
   8.32500000000000e+03   8.32500000000000e+03   8.32500000000000e+03
   8.32500000000000e+03   8.32500000000000e+03   8.32500000000000e+03
   8.32500000000000e+03   8.35000000000000e+03   8.35000000000000e+03
   8.35000000000000e+03   8.35000000000000e+03   8.35000000000000e+03
   8.35000000000000e+03   8.35000000000000e+03   8.35000000000000e+03
   8.35000000000000e+03   8.35000000000000e+03   8.35000000000000e+03
   8.35000000000000e+03   8.35000000000000e+03   8.35000000000000e+03
   8.35000000000000e+03   8.35000000000000e+03   8.35000000000000e+03
   8.35000000000000e+03   8.35000000000000e+03   8.35000000000000e+03
   8.35000000000000e+03   8.35000000000000e+03   8.35000000000000e+03
   8.35000000000000e+03   8.35000000000000e+03   8.35000000000000e+03
   8.35000000000000e+03   8.35000000000000e+03   8.35000000000000e+03
   8.35000000000000e+03   8.35000000000000e+03   8.35000000000000e+03
   8.35000000000000e+03   8.35000000000000e+03   8.35000000000000e+03
   8.35000000000000e+03   8.35000000000000e+03   8.35000000000000e+03
   8.35000000000000e+03   8.35000000000000e+03   8.35000000000000e+03
   8.35000000000000e+03   8.35000000000000e+03   8.35000000000000e+03
   8.35000000000000e+03   8.35000000000000e+03   8.35000000000000e+03
   8.35000000000000e+03   8.35000000000000e+03   8.35000000000000e+03
   8.35000000000000e+03   8.35000000000000e+03   8.35000000000000e+03
   8.35000000000000e+03   8.35000000000000e+03   8.35000000000000e+03
   8.35000000000000e+03   8.35000000000000e+03   8.35000000000000e+03
   8.35000000000000e+03   8.35000000000000e+03   8.35000000000000e+03
   8.35000000000000e+03   8.35000000000000e+03   8.35000000000000e+03
   8.35000000000000e+03   8.35000000000000e+03   8.35000000000000e+03
   8.35000000000000e+03   8.35000000000000e+03   8.35000000000000e+03
   8.35000000000000e+03   8.35000000000000e+03   8.35000000000000e+03
   8.35000000000000e+03   8.35000000000000e+03   8.35000000000000e+03
   8.35000000000000e+03   8.35000000000000e+03   8.35000000000000e+03
   8.35000000000000e+03   8.35000000000000e+03   8.35000000000000e+03
   8.35000000000000e+03   8.35000000000000e+03   8.35000000000000e+03
   8.35000000000000e+03   8.35000000000000e+03   8.35000000000000e+03
   8.35000000000000e+03   8.35000000000000e+03   8.35000000000000e+03
   8.35000000000000e+03   8.35000000000000e+03   8.35000000000000e+03
   8.35000000000000e+03   8.35000000000000e+03   8.35000000000000e+03
   8.35000000000000e+03   8.35000000000000e+03   8.39000000000000e+03
   8.39000000000000e+03   8.39000000000000e+03   8.39000000000000e+03
   8.39000000000000e+03   8.39000000000000e+03   8.39000000000000e+03
   8.39000000000000e+03   8.39000000000000e+03   8.39000000000000e+03
   8.39000000000000e+03   8.39000000000000e+03   8.39000000000000e+03
   8.39000000000000e+03   8.39000000000000e+03   8.39000000000000e+03
   8.39000000000000e+03   8.39000000000000e+03   8.39000000000000e+03
   8.39000000000000e+03   8.39000000000000e+03   8.39000000000000e+03
   8.39000000000000e+03   8.39000000000000e+03   8.39000000000000e+03
   8.39000000000000e+03   8.39000000000000e+03   8.39000000000000e+03
   8.39000000000000e+03   8.39000000000000e+03   8.39000000000000e+03
   8.39000000000000e+03   8.39000000000000e+03   8.39000000000000e+03
   8.39000000000000e+03   8.39000000000000e+03   8.39000000000000e+03
   8.39000000000000e+03   8.39000000000000e+03   8.39000000000000e+03
   8.39000000000000e+03   8.39000000000000e+03   8.39000000000000e+03
   8.39000000000000e+03   8.39000000000000e+03   8.39000000000000e+03
   8.39000000000000e+03   8.39000000000000e+03   8.39000000000000e+03
   8.39000000000000e+03   8.39000000000000e+03   8.39000000000000e+03
   8.39000000000000e+03   8.39000000000000e+03   8.39000000000000e+03
   8.39000000000000e+03   8.39000000000000e+03   8.39000000000000e+03
   8.39000000000000e+03   8.39000000000000e+03   8.39000000000000e+03
   8.39000000000000e+03   8.39000000000000e+03   8.39000000000000e+03
   8.39000000000000e+03   8.39000000000000e+03   8.39000000000000e+03
   8.39000000000000e+03   8.39000000000000e+03   8.39000000000000e+03
   8.39000000000000e+03   8.39000000000000e+03   8.39000000000000e+03
   8.39000000000000e+03   8.39000000000000e+03   8.39000000000000e+03
   8.39000000000000e+03   8.39000000000000e+03   8.39000000000000e+03
   8.39000000000000e+03   8.39000000000000e+03   8.39000000000000e+03
   8.39000000000000e+03   8.39000000000000e+03   8.39000000000000e+03
   8.39000000000000e+03   8.39000000000000e+03   8.39000000000000e+03
   8.39000000000000e+03   8.39000000000000e+03   8.39000000000000e+03
   8.39000000000000e+03   8.39000000000000e+03   8.39000000000000e+03
   8.39000000000000e+03   8.39000000000000e+03   8.39000000000000e+03
   8.39000000000000e+03   8.39000000000000e+03   8.39000000000000e+03
 'KX_BLOCK_CENTER'         300 'DOUB'
   5.00000000000000e+02   5.00000000000000e+02   5.00000000000000e+02
   5.00000000000000e+02   5.00000000000000e+02   5.00000000000000e+02
   5.00000000000000e+02   5.00000000000000e+02   5.00000000000000e+02
   5.00000000000000e+02   5.00000000000000e+02   5.00000000000000e+02
   5.00000000000000e+02   5.00000000000000e+02   5.00000000000000e+02
   5.00000000000000e+02   5.00000000000000e+02   5.00000000000000e+02
   5.00000000000000e+02   5.00000000000000e+02   5.00000000000000e+02
   5.00000000000000e+02   5.00000000000000e+02   5.00000000000000e+02
   5.00000000000000e+02   5.00000000000000e+02   5.00000000000000e+02
   5.00000000000000e+02   5.00000000000000e+02   5.00000000000000e+02
   5.00000000000000e+02   5.00000000000000e+02   5.00000000000000e+02
   5.00000000000000e+02   5.00000000000000e+02   5.00000000000000e+02
   5.00000000000000e+02   5.00000000000000e+02   5.00000000000000e+02
   5.00000000000000e+02   5.00000000000000e+02   5.00000000000000e+02
   5.00000000000000e+02   5.00000000000000e+02   5.00000000000000e+02
   5.00000000000000e+02   5.00000000000000e+02   5.00000000000000e+02
   5.00000000000000e+02   5.00000000000000e+02   5.00000000000000e+02
   5.00000000000000e+02   5.00000000000000e+02   5.00000000000000e+02
   5.00000000000000e+02   5.00000000000000e+02   5.00000000000000e+02
   5.00000000000000e+02   5.00000000000000e+02   5.00000000000000e+02
   5.00000000000000e+02   5.00000000000000e+02   5.00000000000000e+02
   5.00000000000000e+02   5.00000000000000e+02   5.00000000000000e+02
   5.00000000000000e+02   5.00000000000000e+02   5.00000000000000e+02
   5.00000000000000e+02   5.00000000000000e+02   5.00000000000000e+02
   5.00000000000000e+02   5.00000000000000e+02   5.00000000000000e+02
   5.00000000000000e+02   5.00000000000000e+02   5.00000000000000e+02
   5.00000000000000e+02   5.00000000000000e+02   5.00000000000000e+02
   5.00000000000000e+02   5.00000000000000e+02   5.00000000000000e+02
   5.00000000000000e+02   5.00000000000000e+02   5.00000000000000e+02
   5.00000000000000e+02   5.00000000000000e+02   5.00000000000000e+02
   5.00000000000000e+02   5.00000000000000e+02   5.00000000000000e+02
   5.00000000000000e+02   5.00000000000000e+02   5.00000000000000e+02
   5.00000000000000e+02   5.00000000000000e+02   5.00000000000000e+02
   5.00000000000000e+02   5.00000000000000e+01   5.00000000000000e+01
   5.00000000000000e+01   5.00000000000000e+01   5.00000000000000e+01
   5.00000000000000e+01   5.00000000000000e+01   5.00000000000000e+01
   5.00000000000000e+01   5.00000000000000e+01   5.00000000000000e+01
   5.00000000000000e+01   5.00000000000000e+01   5.00000000000000e+01
   5.00000000000000e+01   5.00000000000000e+01   5.00000000000000e+01
   5.00000000000000e+01   5.00000000000000e+01   5.00000000000000e+01
   5.00000000000000e+01   5.00000000000000e+01   5.00000000000000e+01
   5.00000000000000e+01   5.00000000000000e+01   5.00000000000000e+01
   5.00000000000000e+01   5.00000000000000e+01   5.00000000000000e+01
   5.00000000000000e+01   5.00000000000000e+01   5.00000000000000e+01
   5.00000000000000e+01   5.00000000000000e+01   5.00000000000000e+01
   5.00000000000000e+01   5.00000000000000e+01   5.00000000000000e+01
   5.00000000000000e+01   5.00000000000000e+01   5.00000000000000e+01
   5.00000000000000e+01   5.00000000000000e+01   5.00000000000000e+01
   5.00000000000000e+01   5.00000000000000e+01   5.00000000000000e+01
   5.00000000000000e+01   5.00000000000000e+01   5.00000000000000e+01
   5.00000000000000e+01   5.00000000000000e+01   5.00000000000000e+01
   5.00000000000000e+01   5.00000000000000e+01   5.00000000000000e+01
   5.00000000000000e+01   5.00000000000000e+01   5.00000000000000e+01
   5.00000000000000e+01   5.00000000000000e+01   5.00000000000000e+01
   5.00000000000000e+01   5.00000000000000e+01   5.00000000000000e+01
   5.00000000000000e+01   5.00000000000000e+01   5.00000000000000e+01
   5.00000000000000e+01   5.00000000000000e+01   5.00000000000000e+01
   5.00000000000000e+01   5.00000000000000e+01   5.00000000000000e+01
   5.00000000000000e+01   5.00000000000000e+01   5.00000000000000e+01
   5.00000000000000e+01   5.00000000000000e+01   5.00000000000000e+01
   5.00000000000000e+01   5.00000000000000e+01   5.00000000000000e+01
   5.00000000000000e+01   5.00000000000000e+01   5.00000000000000e+01
   5.00000000000000e+01   5.00000000000000e+01   5.00000000000000e+01
   5.00000000000000e+01   5.00000000000000e+01   5.00000000000000e+01
   5.00000000000000e+01   5.00000000000000e+01   5.00000000000000e+01
   5.00000000000000e+01   5.00000000000000e+01   5.00000000000000e+01
   5.00000000000000e+01   5.00000000000000e+01   2.00000000000000e+02
   2.00000000000000e+02   2.00000000000000e+02   2.00000000000000e+02
   2.00000000000000e+02   2.00000000000000e+02   2.00000000000000e+02
   2.00000000000000e+02   2.00000000000000e+02   2.00000000000000e+02
   2.00000000000000e+02   2.00000000000000e+02   2.00000000000000e+02
   2.00000000000000e+02   2.00000000000000e+02   2.00000000000000e+02
   2.00000000000000e+02   2.00000000000000e+02   2.00000000000000e+02
   2.00000000000000e+02   2.00000000000000e+02   2.00000000000000e+02
   2.00000000000000e+02   2.00000000000000e+02   2.00000000000000e+02
   2.00000000000000e+02   2.00000000000000e+02   2.00000000000000e+02
   2.00000000000000e+02   2.00000000000000e+02   2.00000000000000e+02
   2.00000000000000e+02   2.00000000000000e+02   2.00000000000000e+02
   2.00000000000000e+02   2.00000000000000e+02   2.00000000000000e+02
   2.00000000000000e+02   2.00000000000000e+02   2.00000000000000e+02
   2.00000000000000e+02   2.00000000000000e+02   2.00000000000000e+02
   2.00000000000000e+02   2.00000000000000e+02   2.00000000000000e+02
   2.00000000000000e+02   2.00000000000000e+02   2.00000000000000e+02
   2.00000000000000e+02   2.00000000000000e+02   2.00000000000000e+02
   2.00000000000000e+02   2.00000000000000e+02   2.00000000000000e+02
   2.00000000000000e+02   2.00000000000000e+02   2.00000000000000e+02
   2.00000000000000e+02   2.00000000000000e+02   2.00000000000000e+02
   2.00000000000000e+02   2.00000000000000e+02   2.00000000000000e+02
   2.00000000000000e+02   2.00000000000000e+02   2.00000000000000e+02
   2.00000000000000e+02   2.00000000000000e+02   2.00000000000000e+02
   2.00000000000000e+02   2.00000000000000e+02   2.00000000000000e+02
   2.00000000000000e+02   2.00000000000000e+02   2.00000000000000e+02
   2.00000000000000e+02   2.00000000000000e+02   2.00000000000000e+02
   2.00000000000000e+02   2.00000000000000e+02   2.00000000000000e+02
   2.00000000000000e+02   2.00000000000000e+02   2.00000000000000e+02
   2.00000000000000e+02   2.00000000000000e+02   2.00000000000000e+02
   2.00000000000000e+02   2.00000000000000e+02   2.00000000000000e+02
   2.00000000000000e+02   2.00000000000000e+02   2.00000000000000e+02
   2.00000000000000e+02   2.00000000000000e+02   2.00000000000000e+02
   2.00000000000000e+02   2.00000000000000e+02   2.00000000000000e+02
 'KY_BLOCK_CENTER'         300 'DOUB'
   5.00000000000000e+02   5.00000000000000e+02   5.00000000000000e+02
   5.00000000000000e+02   5.00000000000000e+02   5.00000000000000e+02
   5.00000000000000e+02   5.00000000000000e+02   5.00000000000000e+02
   5.00000000000000e+02   5.00000000000000e+02   5.00000000000000e+02
   5.00000000000000e+02   5.00000000000000e+02   5.00000000000000e+02
   5.00000000000000e+02   5.00000000000000e+02   5.00000000000000e+02
   5.00000000000000e+02   5.00000000000000e+02   5.00000000000000e+02
   5.00000000000000e+02   5.00000000000000e+02   5.00000000000000e+02
   5.00000000000000e+02   5.00000000000000e+02   5.00000000000000e+02
   5.00000000000000e+02   5.00000000000000e+02   5.00000000000000e+02
   5.00000000000000e+02   5.00000000000000e+02   5.00000000000000e+02
   5.00000000000000e+02   5.00000000000000e+02   5.00000000000000e+02
   5.00000000000000e+02   5.00000000000000e+02   5.00000000000000e+02
   5.00000000000000e+02   5.00000000000000e+02   5.00000000000000e+02
   5.00000000000000e+02   5.00000000000000e+02   5.00000000000000e+02
   5.00000000000000e+02   5.00000000000000e+02   5.00000000000000e+02
   5.00000000000000e+02   5.00000000000000e+02   5.00000000000000e+02
   5.00000000000000e+02   5.00000000000000e+02   5.00000000000000e+02
   5.00000000000000e+02   5.00000000000000e+02   5.00000000000000e+02
   5.00000000000000e+02   5.00000000000000e+02   5.00000000000000e+02
   5.00000000000000e+02   5.00000000000000e+02   5.00000000000000e+02
   5.00000000000000e+02   5.00000000000000e+02   5.00000000000000e+02
   5.00000000000000e+02   5.00000000000000e+02   5.00000000000000e+02
   5.00000000000000e+02   5.00000000000000e+02   5.00000000000000e+02
   5.00000000000000e+02   5.00000000000000e+02   5.00000000000000e+02
   5.00000000000000e+02   5.00000000000000e+02   5.00000000000000e+02
   5.00000000000000e+02   5.00000000000000e+02   5.00000000000000e+02
   5.00000000000000e+02   5.00000000000000e+02   5.00000000000000e+02
   5.00000000000000e+02   5.00000000000000e+02   5.00000000000000e+02
   5.00000000000000e+02   5.00000000000000e+02   5.00000000000000e+02
   5.00000000000000e+02   5.00000000000000e+02   5.00000000000000e+02
   5.00000000000000e+02   5.00000000000000e+02   5.00000000000000e+02
   5.00000000000000e+02   5.00000000000000e+02   5.00000000000000e+02
   5.00000000000000e+02   5.00000000000000e+01   5.00000000000000e+01
   5.00000000000000e+01   5.00000000000000e+01   5.00000000000000e+01
   5.00000000000000e+01   5.00000000000000e+01   5.00000000000000e+01
   5.00000000000000e+01   5.00000000000000e+01   5.00000000000000e+01
   5.00000000000000e+01   5.00000000000000e+01   5.00000000000000e+01
   5.00000000000000e+01   5.00000000000000e+01   5.00000000000000e+01
   5.00000000000000e+01   5.00000000000000e+01   5.00000000000000e+01
   5.00000000000000e+01   5.00000000000000e+01   5.00000000000000e+01
   5.00000000000000e+01   5.00000000000000e+01   5.00000000000000e+01
   5.00000000000000e+01   5.00000000000000e+01   5.00000000000000e+01
   5.00000000000000e+01   5.00000000000000e+01   5.00000000000000e+01
   5.00000000000000e+01   5.00000000000000e+01   5.00000000000000e+01
   5.00000000000000e+01   5.00000000000000e+01   5.00000000000000e+01
   5.00000000000000e+01   5.00000000000000e+01   5.00000000000000e+01
   5.00000000000000e+01   5.00000000000000e+01   5.00000000000000e+01
   5.00000000000000e+01   5.00000000000000e+01   5.00000000000000e+01
   5.00000000000000e+01   5.00000000000000e+01   5.00000000000000e+01
   5.00000000000000e+01   5.00000000000000e+01   5.00000000000000e+01
   5.00000000000000e+01   5.00000000000000e+01   5.00000000000000e+01
   5.00000000000000e+01   5.00000000000000e+01   5.00000000000000e+01
   5.00000000000000e+01   5.00000000000000e+01   5.00000000000000e+01
   5.00000000000000e+01   5.00000000000000e+01   5.00000000000000e+01
   5.00000000000000e+01   5.00000000000000e+01   5.00000000000000e+01
   5.00000000000000e+01   5.00000000000000e+01   5.00000000000000e+01
   5.00000000000000e+01   5.00000000000000e+01   5.00000000000000e+01
   5.00000000000000e+01   5.00000000000000e+01   5.00000000000000e+01
   5.00000000000000e+01   5.00000000000000e+01   5.00000000000000e+01
   5.00000000000000e+01   5.00000000000000e+01   5.00000000000000e+01
   5.00000000000000e+01   5.00000000000000e+01   5.00000000000000e+01
   5.00000000000000e+01   5.00000000000000e+01   5.00000000000000e+01
   5.00000000000000e+01   5.00000000000000e+01   5.00000000000000e+01
   5.00000000000000e+01   5.00000000000000e+01   5.00000000000000e+01
   5.00000000000000e+01   5.00000000000000e+01   5.00000000000000e+01
   5.00000000000000e+01   5.00000000000000e+01   2.00000000000000e+02
   2.00000000000000e+02   2.00000000000000e+02   2.00000000000000e+02
   2.00000000000000e+02   2.00000000000000e+02   2.00000000000000e+02
   2.00000000000000e+02   2.00000000000000e+02   2.00000000000000e+02
   2.00000000000000e+02   2.00000000000000e+02   2.00000000000000e+02
   2.00000000000000e+02   2.00000000000000e+02   2.00000000000000e+02
   2.00000000000000e+02   2.00000000000000e+02   2.00000000000000e+02
   2.00000000000000e+02   2.00000000000000e+02   2.00000000000000e+02
   2.00000000000000e+02   2.00000000000000e+02   2.00000000000000e+02
   2.00000000000000e+02   2.00000000000000e+02   2.00000000000000e+02
   2.00000000000000e+02   2.00000000000000e+02   2.00000000000000e+02
   2.00000000000000e+02   2.00000000000000e+02   2.00000000000000e+02
   2.00000000000000e+02   2.00000000000000e+02   2.00000000000000e+02
   2.00000000000000e+02   2.00000000000000e+02   2.00000000000000e+02
   2.00000000000000e+02   2.00000000000000e+02   2.00000000000000e+02
   2.00000000000000e+02   2.00000000000000e+02   2.00000000000000e+02
   2.00000000000000e+02   2.00000000000000e+02   2.00000000000000e+02
   2.00000000000000e+02   2.00000000000000e+02   2.00000000000000e+02
   2.00000000000000e+02   2.00000000000000e+02   2.00000000000000e+02
   2.00000000000000e+02   2.00000000000000e+02   2.00000000000000e+02
   2.00000000000000e+02   2.00000000000000e+02   2.00000000000000e+02
   2.00000000000000e+02   2.00000000000000e+02   2.00000000000000e+02
   2.00000000000000e+02   2.00000000000000e+02   2.00000000000000e+02
   2.00000000000000e+02   2.00000000000000e+02   2.00000000000000e+02
   2.00000000000000e+02   2.00000000000000e+02   2.00000000000000e+02
   2.00000000000000e+02   2.00000000000000e+02   2.00000000000000e+02
   2.00000000000000e+02   2.00000000000000e+02   2.00000000000000e+02
   2.00000000000000e+02   2.00000000000000e+02   2.00000000000000e+02
   2.00000000000000e+02   2.00000000000000e+02   2.00000000000000e+02
   2.00000000000000e+02   2.00000000000000e+02   2.00000000000000e+02
   2.00000000000000e+02   2.00000000000000e+02   2.00000000000000e+02
   2.00000000000000e+02   2.00000000000000e+02   2.00000000000000e+02
   2.00000000000000e+02   2.00000000000000e+02   2.00000000000000e+02
   2.00000000000000e+02   2.00000000000000e+02   2.00000000000000e+02
 'KZ_BLOCK_CENTER'         300 'DOUB'
   5.00000000000000e+01   5.00000000000000e+01   5.00000000000000e+01
   5.00000000000000e+01   5.00000000000000e+01   5.00000000000000e+01
   5.00000000000000e+01   5.00000000000000e+01   5.00000000000000e+01
   5.00000000000000e+01   5.00000000000000e+01   5.00000000000000e+01
   5.00000000000000e+01   5.00000000000000e+01   5.00000000000000e+01
   5.00000000000000e+01   5.00000000000000e+01   5.00000000000000e+01
   5.00000000000000e+01   5.00000000000000e+01   5.00000000000000e+01
   5.00000000000000e+01   5.00000000000000e+01   5.00000000000000e+01
   5.00000000000000e+01   5.00000000000000e+01   5.00000000000000e+01
   5.00000000000000e+01   5.00000000000000e+01   5.00000000000000e+01
   5.00000000000000e+01   5.00000000000000e+01   5.00000000000000e+01
   5.00000000000000e+01   5.00000000000000e+01   5.00000000000000e+01
   5.00000000000000e+01   5.00000000000000e+01   5.00000000000000e+01
   5.00000000000000e+01   5.00000000000000e+01   5.00000000000000e+01
   5.00000000000000e+01   5.00000000000000e+01   5.00000000000000e+01
   5.00000000000000e+01   5.00000000000000e+01   5.00000000000000e+01
   5.00000000000000e+01   5.00000000000000e+01   5.00000000000000e+01
   5.00000000000000e+01   5.00000000000000e+01   5.00000000000000e+01
   5.00000000000000e+01   5.00000000000000e+01   5.00000000000000e+01
   5.00000000000000e+01   5.00000000000000e+01   5.00000000000000e+01
   5.00000000000000e+01   5.00000000000000e+01   5.00000000000000e+01
   5.00000000000000e+01   5.00000000000000e+01   5.00000000000000e+01
   5.00000000000000e+01   5.00000000000000e+01   5.00000000000000e+01
   5.00000000000000e+01   5.00000000000000e+01   5.00000000000000e+01
   5.00000000000000e+01   5.00000000000000e+01   5.00000000000000e+01
   5.00000000000000e+01   5.00000000000000e+01   5.00000000000000e+01
   5.00000000000000e+01   5.00000000000000e+01   5.00000000000000e+01
   5.00000000000000e+01   5.00000000000000e+01   5.00000000000000e+01
   5.00000000000000e+01   5.00000000000000e+01   5.00000000000000e+01
   5.00000000000000e+01   5.00000000000000e+01   5.00000000000000e+01
   5.00000000000000e+01   5.00000000000000e+01   5.00000000000000e+01
   5.00000000000000e+01   5.00000000000000e+01   5.00000000000000e+01
   5.00000000000000e+01   5.00000000000000e+01   5.00000000000000e+01
   5.00000000000000e+01   5.00000000000000e+00   5.00000000000000e+00
   5.00000000000000e+00   5.00000000000000e+00   5.00000000000000e+00
   5.00000000000000e+00   5.00000000000000e+00   5.00000000000000e+00
   5.00000000000000e+00   5.00000000000000e+00   5.00000000000000e+00
   5.00000000000000e+00   5.00000000000000e+00   5.00000000000000e+00
   5.00000000000000e+00   5.00000000000000e+00   5.00000000000000e+00
   5.00000000000000e+00   5.00000000000000e+00   5.00000000000000e+00
   5.00000000000000e+00   5.00000000000000e+00   5.00000000000000e+00
   5.00000000000000e+00   5.00000000000000e+00   5.00000000000000e+00
   5.00000000000000e+00   5.00000000000000e+00   5.00000000000000e+00
   5.00000000000000e+00   5.00000000000000e+00   5.00000000000000e+00
   5.00000000000000e+00   5.00000000000000e+00   5.00000000000000e+00
   5.00000000000000e+00   5.00000000000000e+00   5.00000000000000e+00
   5.00000000000000e+00   5.00000000000000e+00   5.00000000000000e+00
   5.00000000000000e+00   5.00000000000000e+00   5.00000000000000e+00
   5.00000000000000e+00   5.00000000000000e+00   5.00000000000000e+00
   5.00000000000000e+00   5.00000000000000e+00   5.00000000000000e+00
   5.00000000000000e+00   5.00000000000000e+00   5.00000000000000e+00
   5.00000000000000e+00   5.00000000000000e+00   5.00000000000000e+00
   5.00000000000000e+00   5.00000000000000e+00   5.00000000000000e+00
   5.00000000000000e+00   5.00000000000000e+00   5.00000000000000e+00
   5.00000000000000e+00   5.00000000000000e+00   5.00000000000000e+00
   5.00000000000000e+00   5.00000000000000e+00   5.00000000000000e+00
   5.00000000000000e+00   5.00000000000000e+00   5.00000000000000e+00
   5.00000000000000e+00   5.00000000000000e+00   5.00000000000000e+00
   5.00000000000000e+00   5.00000000000000e+00   5.00000000000000e+00
   5.00000000000000e+00   5.00000000000000e+00   5.00000000000000e+00
   5.00000000000000e+00   5.00000000000000e+00   5.00000000000000e+00
   5.00000000000000e+00   5.00000000000000e+00   5.00000000000000e+00
   5.00000000000000e+00   5.00000000000000e+00   5.00000000000000e+00
   5.00000000000000e+00   5.00000000000000e+00   5.00000000000000e+00
   5.00000000000000e+00   5.00000000000000e+00   5.00000000000000e+00
   5.00000000000000e+00   5.00000000000000e+00   5.00000000000000e+00
   5.00000000000000e+00   5.00000000000000e+00   2.00000000000000e+01
   2.00000000000000e+01   2.00000000000000e+01   2.00000000000000e+01
   2.00000000000000e+01   2.00000000000000e+01   2.00000000000000e+01
   2.00000000000000e+01   2.00000000000000e+01   2.00000000000000e+01
   2.00000000000000e+01   2.00000000000000e+01   2.00000000000000e+01
   2.00000000000000e+01   2.00000000000000e+01   2.00000000000000e+01
   2.00000000000000e+01   2.00000000000000e+01   2.00000000000000e+01
   2.00000000000000e+01   2.00000000000000e+01   2.00000000000000e+01
   2.00000000000000e+01   2.00000000000000e+01   2.00000000000000e+01
   2.00000000000000e+01   2.00000000000000e+01   2.00000000000000e+01
   2.00000000000000e+01   2.00000000000000e+01   2.00000000000000e+01
   2.00000000000000e+01   2.00000000000000e+01   2.00000000000000e+01
   2.00000000000000e+01   2.00000000000000e+01   2.00000000000000e+01
   2.00000000000000e+01   2.00000000000000e+01   2.00000000000000e+01
   2.00000000000000e+01   2.00000000000000e+01   2.00000000000000e+01
   2.00000000000000e+01   2.00000000000000e+01   2.00000000000000e+01
   2.00000000000000e+01   2.00000000000000e+01   2.00000000000000e+01
   2.00000000000000e+01   2.00000000000000e+01   2.00000000000000e+01
   2.00000000000000e+01   2.00000000000000e+01   2.00000000000000e+01
   2.00000000000000e+01   2.00000000000000e+01   2.00000000000000e+01
   2.00000000000000e+01   2.00000000000000e+01   2.00000000000000e+01
   2.00000000000000e+01   2.00000000000000e+01   2.00000000000000e+01
   2.00000000000000e+01   2.00000000000000e+01   2.00000000000000e+01
   2.00000000000000e+01   2.00000000000000e+01   2.00000000000000e+01
   2.00000000000000e+01   2.00000000000000e+01   2.00000000000000e+01
   2.00000000000000e+01   2.00000000000000e+01   2.00000000000000e+01
   2.00000000000000e+01   2.00000000000000e+01   2.00000000000000e+01
   2.00000000000000e+01   2.00000000000000e+01   2.00000000000000e+01
   2.00000000000000e+01   2.00000000000000e+01   2.00000000000000e+01
   2.00000000000000e+01   2.00000000000000e+01   2.00000000000000e+01
   2.00000000000000e+01   2.00000000000000e+01   2.00000000000000e+01
   2.00000000000000e+01   2.00000000000000e+01   2.00000000000000e+01
   2.00000000000000e+01   2.00000000000000e+01   2.00000000000000e+01
   2.00000000000000e+01   2.00000000000000e+01   2.00000000000000e+01
